   1 M U   0.877  0.051  0.072
   2 A U   0.843  0.078  0.078
   3 N U   0.784  0.107  0.109
   4 T U   0.500  0.059  0.442
   5 Y S   0.300  0.057  0.642
   6 I S   0.341  0.067  0.592
   7 K S   0.156  0.029  0.815
   8 C S   0.248  0.045  0.707
   9 S U   0.606  0.100  0.294
  10 D U   0.892  0.041  0.067
  11 D U   0.839  0.073  0.088
  12 G U   0.895  0.045  0.059
  13 S U   0.699  0.098  0.203
  14 C S   0.405  0.054  0.542
  15 R S   0.043  0.077  0.880
  16 V S   0.050  0.036  0.913
  17 M S   0.191  0.116  0.693
  18 V S   0.064  0.207  0.730
  19 S S   0.217  0.109  0.674
  20 E U   0.519  0.094  0.387
  21 G U   0.909  0.039  0.052
  22 G U   0.774  0.108  0.118
  23 A U   0.621  0.060  0.319
  24 D U   0.424  0.118  0.458
  25 Y U   0.566  0.226  0.208
  26 K U   0.449  0.074  0.477
  27 L U   0.497  0.097  0.406
  28 C U   0.424  0.205  0.371
  29 S U   0.684  0.151  0.166
  30 D U   0.582  0.264  0.154
  31 E H   0.301  0.605  0.094
  32 S H   0.341  0.545  0.114
  33 E H   0.161  0.773  0.067
  34 L H   0.184  0.779  0.038
  35 H H   0.155  0.809  0.035
  36 R H   0.051  0.931  0.018
  37 C H   0.080  0.897  0.022
  38 L H   0.152  0.826  0.022
  39 E H   0.107  0.852  0.041
  40 A H   0.214  0.770  0.016
  41 L U   0.514  0.469  0.017
  42 K U   0.688  0.206  0.105
  43 S U   0.790  0.115  0.095
