   1 M U   0.872  0.050  0.078
   2 A U   0.841  0.067  0.092
   3 N U   0.778  0.096  0.127
   4 T U   0.530  0.056  0.414
   5 Y S   0.343  0.064  0.593
   6 V S   0.451  0.083  0.466
   7 S S   0.184  0.033  0.784
   8 C S   0.407  0.051  0.542
   9 S U   0.695  0.078  0.226
  10 D U   0.870  0.055  0.075
  11 D U   0.836  0.075  0.089
  12 G U   0.860  0.075  0.065
  13 S U   0.676  0.082  0.242
  14 C S   0.267  0.045  0.688
  15 R S   0.028  0.088  0.884
  16 V S   0.031  0.060  0.908
  17 M S   0.174  0.108  0.718
  18 V S   0.094  0.155  0.751
  19 S S   0.288  0.081  0.632
  20 S U   0.685  0.069  0.247
  21 G U   0.920  0.037  0.043
  22 G U   0.791  0.091  0.118
  23 A U   0.611  0.050  0.338
  24 D U   0.479  0.079  0.442
  25 Y U   0.607  0.147  0.245
  26 K S   0.323  0.114  0.563
  27 L S   0.413  0.091  0.496
  28 C S   0.364  0.183  0.453
  29 H U   0.611  0.165  0.224
  30 D U   0.611  0.203  0.186
  31 E U   0.507  0.286  0.208
  32 S U   0.556  0.344  0.100
  33 Q H   0.325  0.622  0.053
  34 L H   0.254  0.693  0.052
  35 D H   0.160  0.807  0.033
  36 E H   0.079  0.900  0.021
  37 C H   0.099  0.891  0.010
  38 L H   0.209  0.779  0.012
  39 E H   0.151  0.821  0.028
  40 A H   0.170  0.812  0.018
  41 L H   0.476  0.512  0.012
  42 K U   0.699  0.222  0.079
  43 S U   0.758  0.156  0.086
